Debug Manchester Version GIT-Hub V01
Using a delay of 1/4 bitWaveform 200 uSecs 1/2 bitWaveform 400 uSecs 
Positive Polarity lo->hi=1
15 bits expected for a valid header
All bits inside the Packet
80 timeout for wrong Polarity
P 00 00001111 01 22223333 02 44445555 03 66667777 04 88889999 05 AAAABBBB 06 CCCCDDDD 07 EEEEFFFF 08 00001111 90 22223333
sDelay =200    0 Hits
sDelay =210
1 58 01011000 91 10010001 20 00100000 D9 11011001 03 00000011 
sDelay =220    1 Hit
1 58 01011000 91 10010001 20 00100000 D9 11011001 07 00000111 
1 5F 01011111 14 00010100 28 00101000 CB 11001011 81 10000001 
sDelay =230    2 Hits
1 58 01011000 91 10010001 20 00100000 D9 11011001 03 00000011 
1 5F 01011111 14 00010100 28 00101000 CB 11001011 81 10000001 
1 58 01011000 91 10010001 20 00100000 D9 11011001 0D 00001101 
1 58 01011000 91 10010001 20 00100000 D9 11011001 03 00000011 
1 58 01011000 91 10010001 20 00100000 D9 11011001 09 00001001 
1 58 01011000 91 10010001 20 00100000 D9 11011001 03 00000011 
1 58 01011000 91 10010001 20 00100000 D9 11011001 0B 00001011 
1 58 01011000 91 10010001 20 00100000 D9 11011001 05 00000101 
1 58 01011000 91 10010001 20 00100000 D9 11011001 03 00000011 
1 58 01011000 91 10010001 20 00100000 D9 11011001 09 00001001 
sDelay =240   11 Hits
1 58 01011000 91 10010001 20 00100000 D9 11011001 09 00001001 
1 58 01011000 91 10010001 20 00100000 D9 11011001 0B 00001011 
1 58 01011000 91 10010001 20 00100000 D9 11011001 03 00000011 
1 58 01011000 91 10010001 20 00100000 D9 11011001 07 00000111 
1 5F 01011111 14 00010100 28 00101000 CB 11001011 88 10001000 
1 58 01011000 91 10010001 20 00100000 D9 11011001 09 00001001 
1 58 01011000 91 10010001 20 00100000 D9 11011001 03 00000011 
1 58 01011000 91 10010001 20 00100000 D9 11011001 03 00000011 
1 5F 01011111 14 00010100 28 00101000 CB 11001011 88 10001000 
1 58 01011000 91 10010001 20 00100000 D9 11011001 0D 00001101 
1 58 01011000 91 10010001 20 00100000 D9 11011001 03 00000011 
1 58 01011000 91 10010001 20 00100000 D9 11011001 0D 00001101 
1 58 01011000 91 10010001 20 00100000 D9 11011001 03 00000011 
1 58 01011000 91 10010001 20 00100000 D9 11011001 05 00000101 
1 58 01011000 91 10010001 20 00100000 D9 11011001 03 00000011 
1 5F 01011111 14 00010100 28 00101000 CB 11001011 84 10000100 
1 58 01011000 91 10010001 20 00100000 D9 11011001 0D 00001101 
1 58 01011000 91 10010001 20 00100000 D9 11011001 09 00001001 
1 58 01011000 91 10010001 20 00100000 D9 11011001 05 00000101 
sDelay =250   20 Hits
1 58 01011000 91 10010001 20 00100000 D9 11011001 0D 00001101 
1 58 01011000 91 10010001 20 00100000 D9 11011001 05 00000101 
1 58 01011000 91 10010001 20 00100000 D9 11011001 05 00000101 
1 58 01011000 91 10010001 20 00100000 D9 11011001 03 00000011 
1 58 01011000 91 10010001 20 00100000 D9 11011001 03 00000011 
1 58 01011000 91 10010001 20 00100000 D9 11011001 05 00000101 
1 5F 01011111 14 00010100 28 00101000 CB 11001011 8C 10001100 
1 58 01011000 91 10010001 20 00100000 D9 11011001 0D 00001101 
1 58 01011000 91 10010001 20 00100000 D9 11011001 03 00000011 
1 58 01011000 91 10010001 20 00100000 D9 11011001 05 00000101 
1 58 01011000 91 10010001 20 00100000 D9 11011001 0D 00001101 
1 58 01011000 91 10010001 20 00100000 D9 11011001 03 00000011 
1 58 01011000 91 10010001 20 00100000 D9 11011001 0B 00001011 
1 5F 01011111 14 00010100 28 00101000 CB 11001011 82 10000010 
1 58 01011000 91 10010001 20 00100000 D9 11011001 03 00000011 
1 58 01011000 91 10010001 20 00100000 D9 11011001 05 00000101 
1 58 01011000 91 10010001 20 00100000 D9 11011001 05 00000101 
1 58 01011000 91 10010001 20 00100000 D9 11011001 0D 00001101 
sDelay =260   19 Hits
1 58 01011000 91 10010001 20 00100000 D9 11011001 0D 00001101 
1 5F 01011111 14 00010100 28 00101000 CB 11001011 82 10000010 
1 58 01011000 91 10010001 20 00100000 D9 11011001 05 00000101 
1 58 01011000 91 10010001 20 00100000 D9 11011001 07 00000111 
1 58 01011000 91 10010001 20 00100000 D9 11011001 05 00000101 
1 58 01011000 91 10010001 20 00100000 D9 11011001 01 00000001 
1 58 01011000 91 10010001 20 00100000 D9 11011001 0B 00001011 
1 58 01011000 91 10010001 20 00100000 D9 11011001 03 00000011 
1 58 01011000 91 10010001 20 00100000 D9 11011001 09 00001001 
1 58 01011000 91 10010001 20 00100000 D9 11011001 09 00001001 
1 58 01011000 91 10010001 20 00100000 D9 11011001 03 00000011 
1 5F 01011111 14 00010100 28 00101000 CB 11001011 8E 10001110 
1 58 01011000 91 10010001 20 00100000 D9 11011001 07 00000111 
1 58 01011000 91 10010001 20 00100000 D9 11011001 09 00001001 
1 54 01010100 98 10011000 20 00100000 A0 10100000 00 00000000 
1 58 01011000 91 10010001 20 00100000 D9 11011001 03 00000011 
1 5F 01011111 14 00010100 28 00101000 CB 11001011 8E 10001110 
1 58 01011000 91 10010001 20 00100000 D9 11011001 05 00000101 
1 58 01011000 91 10010001 20 00100000 D9 11011001 05 00000101 
1 58 01011000 91 10010001 20 00100000 D9 11011001 05 00000101 
1 54 01010100 98 10011000 20 00100000 A0 10100000 00 00000000 
1 58 01011000 91 10010001 20 00100000 D9 11011001 09 00001001 
1 5F 01011111 14 00010100 28 00101000 CB 11001011 8E 10001110 
1 58 01011000 91 10010001 20 00100000 D9 11011001 0D 00001101 
1 58 01011000 91 10010001 20 00100000 D9 11011001 05 00000101 
sDelay =270   26 Hits
1 54 01010100 98 10011000 20 00100000 A0 10100000 00 00000000 
1 58 01011000 91 10010001 20 00100000 D9 11011001 03 00000011 
1 58 01011000 91 10010001 20 00100000 D9 11011001 05 00000101 
1 5F 01011111 14 00010100 28 00101000 CB 11001011 8E 10001110 
1 58 01011000 91 10010001 20 00100000 D9 11011001 09 00001001 
1 58 01011000 91 10010001 20 00100000 D9 11011001 05 00000101 
1 54 01010100 98 10011000 20 00100000 A0 10100000 00 00000000 
1 58 01011000 91 10010001 20 00100000 D9 11011001 09 00001001 
1 58 01011000 91 10010001 20 00100000 D9 11011001 07 00000111 
1 5F 01011111 14 00010100 28 00101000 CB 11001011 8E 10001110 
1 58 01011000 91 10010001 20 00100000 D9 11011001 05 00000101 
1 54 01010100 98 10011000 20 00100000 A0 10100000 00 00000000 
1 58 01011000 91 10010001 20 00100000 D9 11011001 03 00000011 
1 58 01011000 91 10010001 20 00100000 D9 11011001 0D 00001101 
1 58 01011000 91 10010001 20 00100000 D9 11011001 07 00000111 
1 5F 01011111 14 00010100 28 00101000 CB 11001011 81 10000001 
1 54 01010100 98 10011000 20 00100000 A0 10100000 00 00000000 
1 58 01011000 91 10010001 20 00100000 D9 11011001 00 00000000 
1 58 01011000 91 10010001 20 00100000 D9 11011001 0D 00001101 
1 58 01011000 91 10010001 20 00100000 D9 11011001 01 00000001 
1 5F 01011111 14 00010100 28 00101000 CB 11001011 81 10000001 
1 58 01011000 91 10010001 20 00100000 D9 11011001 03 00000011 
1 54 01010100 98 10011000 20 00100000 A0 10100000 00 00000000 
1 58 01011000 91 10010001 20 00100000 D9 11011001 0D 00001101 
1 58 01011000 91 10010001 20 00100000 D9 11011001 07 00000111 
1 58 01011000 91 10010001 20 00100000 D9 11011001 03 00000011 
1 54 01010100 98 10011000 20 00100000 A0 10100000 00 00000000 
1 5F 01011111 14 00010100 28 00101000 CB 11001011 81 10000001 
1 58 01011000 91 10010001 20 00100000 D9 11011001 0B 00001011 
1 58 01011000 91 10010001 20 00100000 D9 11011001 05 00000101 
1 58 01011000 91 10010001 20 00100000 D9 11011001 03 00000011 
1 54 01010100 98 10011000 20 00100000 A0 10100000 00 00000000 
1 58 01011000 91 10010001 20 00100000 D9 11011001 03 00000011 
1 5F 01011111 14 00010100 28 00101000 CB 11001011 81 10000001 
sDelay =280   35 Hits
1 58 01011000 91 10010001 20 00100000 D9 11011001 09 00001001 
1 58 01011000 91 10010001 20 00100000 D9 11011001 05 00000101 
1 58 01011000 91 10010001 20 00100000 D9 11011001 0D 00001101 
1 54 01010100 98 10011000 20 00100000 A0 10100000 00 00000000 
1 58 01011000 91 10010001 20 00100000 D9 11011001 03 00000011 
1 5F 01011111 14 00010100 28 00101000 CB 11001011 81 10000001 
1 58 01011000 91 10010001 20 00100000 D9 11011001 09 00001001 
1 58 01011000 91 10010001 20 00100000 D9 11011001 07 00000111 
1 54 01010100 98 10011000 20 00100000 A0 10100000 00 00000000 
1 58 01011000 91 10010001 20 00100000 D9 11011001 03 00000011 
1 58 01011000 91 10010001 20 00100000 D9 11011001 03 00000011 
1 58 01011000 91 10010001 20 00100000 D9 11011001 09 00001001 
1 54 01010100 98 10011000 20 00100000 A0 10100000 00 00000000 
1 58 01011000 91 10010001 20 00100000 D9 11011001 0D 00001101 
1 58 01011000 91 10010001 20 00100000 D9 11011001 05 00000101 
1 58 01011000 91 10010001 20 00100000 D9 11011001 0D 00001101 
1 58 01011000 91 10010001 20 00100000 D9 11011001 05 00000101 
1 54 01010100 98 10011000 20 00100000 A0 10100000 00 00000000 
1 58 01011000 91 10010001 20 00100000 D9 11011001 09 00001001 
1 58 01011000 91 10010001 20 00100000 D9 11011001 07 00000111 
1 5F 01011111 14 00010100 28 00101000 CB 11001011 89 10001001 
1 58 01011000 91 10010001 20 00100000 D9 11011001 0B 00001011 
1 54 01010100 98 10011000 20 00100000 A0 10100000 00 00000000 
1 58 01011000 91 10010001 20 00100000 D9 11011001 0D 00001101 
1 58 01011000 91 10010001 20 00100000 D9 11011001 0D 00001101 
1 58 01011000 91 10010001 20 00100000 D9 11011001 03 00000011 
1 5F 01011111 14 00010100 28 00101000 CB 11001011 80 10000000 
1 54 01010100 98 10011000 20 00100000 A0 10100000 00 00000000 
1 58 01011000 91 10010001 20 00100000 D9 11011001 03 00000011 
1 58 01011000 91 10010001 20 00100000 D9 11011001 0D 00001101 
1 58 01011000 91 10010001 20 00100000 D9 11011001 05 00000101 
sDelay =290   32 Hits
1 58 01011000 91 10010001 20 00100000 D9 11011001 05 00000101 
1 5F 01011111 14 00010100 28 00101000 CB 11001011 80 10000000 
1 54 01010100 98 10011000 20 00100000 A0 10100000 00 00000000 
1 58 01011000 91 10010001 20 00100000 D9 11011001 09 00001001 
1 58 01011000 91 10010001 20 00100000 D9 11011001 09 00001001 
1 58 01011000 91 10010001 20 00100000 D9 11011001 09 00001001 
1 54 01010100 98 10011000 20 00100000 A0 10100000 00 00000000 
1 58 01011000 91 10010001 20 00100000 D9 11011001 05 00000101 
1 58 01011000 91 10010001 20 00100000 D9 11011001 0B 00001011 
1 58 01011000 91 10010001 20 00100000 D9 11011001 0B 00001011 
1 54 01010100 98 10011000 20 00100000 A0 10100000 00 00000000 
1 5F 01011111 14 00010100 28 00101000 CB 11001011 80 10000000 
1 58 01011000 91 10010001 20 00100000 D9 11011001 0D 00001101 
1 58 01011000 91 10010001 20 00100000 D9 11011001 03 00000011 
1 58 01011000 91 10010001 20 00100000 D9 11011001 03 00000011 
1 54 01010100 98 10011000 20 00100000 A0 10100000 00 00000000 
1 58 01011000 91 10010001 20 00100000 D9 11011001 03 00000011 
1 5F 01011111 14 00010100 28 00101000 CB 11001011 80 10000000 
1 58 01011000 91 10010001 20 00100000 D9 11011001 07 00000111 
1 58 01011000 91 10010001 20 00100000 D9 11011001 09 00001001 
1 54 01010100 98 10011000 20 00100000 A0 10100000 00 00000000 
1 58 01011000 91 10010001 20 00100000 D9 11011001 09 00001001 
1 58 01011000 91 10010001 20 00100000 D9 11011001 0D 00001101 
1 5F 01011111 14 00010100 28 00101000 CB 11001011 88 10001000 
1 58 01011000 91 10010001 20 00100000 D9 11011001 07 00000111 
1 58 01011000 91 10010001 20 00100000 D9 11011001 09 00001001 
1 54 01010100 98 10011000 20 00100000 A0 10100000 00 00000000 
1 58 01011000 91 10010001 20 00100000 D9 11011001 09 00001001 
1 58 01011000 91 10010001 20 00100000 D9 11011001 03 00000011 
1 5F 01011111 14 00010100 28 00101000 CB 11001011 88 10001000 
1 58 01011000 91 10010001 20 00100000 D9 11011001 03 00000011 
1 54 01010100 98 10011000 20 00100000 A0 10100000 00 00000000 
1 54 01010100 98 10011000 20 00100000 A0 10100000 00 00000000 
sDelay =300   34 Hits
1 58 01011000 91 10010001 20 00100000 D9 11011001 05 00000101 
1 58 01011000 91 10010001 20 00100000 D9 11011001 05 00000101 
1 5F 01011111 14 00010100 28 00101000 CB 11001011 88 10001000 
1 58 01011000 91 10010001 20 00100000 D9 11011001 03 00000011 
1 54 01010100 98 10011000 20 00100000 A0 10100000 00 00000000 
1 58 01011000 91 10010001 20 00100000 D9 11011001 0D 00001101 
1 58 01011000 91 10010001 20 00100000 D9 11011001 05 00000101 
1 58 01011000 91 10010001 20 00100000 D9 11011001 0D 00001101 
1 5F 01011111 14 00010100 28 00101000 CB 11001011 88 10001000 
1 58 01011000 91 10010001 20 00100000 D9 11011001 07 00000111 
1 54 01010100 98 10011000 20 00100000 A0 10100000 00 00000000 
1 58 01011000 91 10010001 20 00100000 D9 11011001 03 00000011 
1 58 01011000 91 10010001 20 00100000 D9 11011001 01 00000001 
1 58 01011000 91 10010001 20 00100000 D9 11011001 07 00000111 
1 5F 01011111 14 00010100 28 00101000 CB 11001011 88 10001000 
1 54 01010100 98 10011000 20 00100000 A0 10100000 00 00000000 
1 58 01011000 91 10010001 20 00100000 D9 11011001 05 00000101 
1 58 01011000 91 10010001 20 00100000 D9 11011001 0D 00001101 
1 58 01011000 91 10010001 20 00100000 D9 11011001 09 00001001 
1 54 01010100 98 10011000 20 00100000 A0 10100000 00 00000000 
1 58 01011000 91 10010001 20 00100000 D9 11011001 01 00000001 
1 58 01011000 91 10010001 20 00100000 D9 11011001 0B 00001011 
1 58 01011000 91 10010001 20 00100000 D9 11011001 09 00001001 
1 58 01011000 91 10010001 20 00100000 D9 11011001 03 00000011 
1 54 01010100 98 10011000 20 00100000 A0 10100000 00 00000000 
1 58 01011000 91 10010001 20 00100000 D9 11011001 0D 00001101 
1 5F 01011111 14 00010100 28 00101000 CB 11001011 84 10000100 
1 58 01011000 91 10010001 20 00100000 D9 11011001 05 00000101 
1 58 01011000 91 10010001 20 00100000 D9 11011001 0B 00001011 
1 54 01010100 98 10011000 20 00100000 A0 10100000 00 00000000 
1 58 01011000 91 10010001 20 00100000 D9 11011001 09 00001001 
1 5F 01011111 14 00010100 28 00101000 CB 11001011 84 10000100 
1 58 01011000 91 10010001 20 00100000 D9 11011001 0D 00001101 
sDelay =310   34 Hits
1 58 01011000 91 10010001 20 00100000 D9 11011001 05 00000101 
1 54 01010100 98 10011000 20 00100000 A0 10100000 00 00000000 
1 58 01011000 91 10010001 20 00100000 D9 11011001 05 00000101 
1 58 01011000 91 10010001 20 00100000 D9 11011001 03 00000011 
1 5F 01011111 14 00010100 28 00101000 CB 11001011 84 10000100 
1 58 01011000 91 10010001 20 00100000 D9 11011001 05 00000101 
1 58 01011000 91 10010001 20 00100000 D9 11011001 05 00000101 
1 54 01010100 98 10011000 20 00100000 A0 10100000 00 00000000 
1 54 01010100 98 10011000 20 00100000 A0 10100000 00 00000000 
1 58 01011000 91 10010001 20 00100000 D9 11011001 0D 00001101 
1 58 01011000 91 10010001 20 00100000 D9 11011001 03 00000011 
1 5F 01011111 14 00010100 28 00101000 CB 11001011 84 10000100 
1 58 01011000 91 10010001 20 00100000 D9 11011001 0B 00001011 
1 54 01010100 98 10011000 20 00100000 A0 10100000 00 00000000 
1 58 01011000 91 10010001 20 00100000 D9 11011001 0D 00001101 
1 58 01011000 91 10010001 20 00100000 D9 11011001 07 00000111 
1 58 01011000 91 10010001 20 00100000 D9 11011001 05 00000101 
1 5F 01011111 14 00010100 28 00101000 CB 11001011 84 10000100 
1 58 01011000 91 10010001 20 00100000 D9 11011001 03 00000011 
1 54 01010100 98 10011000 20 00100000 A0 10100000 00 00000000 
1 58 01011000 91 10010001 20 00100000 D9 11011001 0D 00001101 
1 58 01011000 91 10010001 20 00100000 D9 11011001 0D 00001101 
1 5F 01011111 14 00010100 28 00101000 CB 11001011 84 10000100 
1 58 01011000 91 10010001 20 00100000 D9 11011001 0D 00001101 
1 54 01010100 98 10011000 20 00100000 A0 10100000 00 00000000 
1 58 01011000 91 10010001 20 00100000 D9 11011001 03 00000011 
1 58 01011000 91 10010001 20 00100000 D9 11011001 05 00000101 
1 58 01011000 91 10010001 20 00100000 D9 11011001 05 00000101 
1 5F 01011111 14 00010100 28 00101000 CB 11001011 84 10000100 
1 54 01010100 98 10011000 20 00100000 A0 10100000 00 00000000 
1 58 01011000 91 10010001 20 00100000 D9 11011001 05 00000101 
1 58 01011000 91 10010001 20 00100000 D9 11011001 05 00000101 
1 58 01011000 91 10010001 20 00100000 D9 11011001 0D 00001101 
sDelay =320   36 Hits
1 58 01011000 91 10010001 20 00100000 D9 11011001 03 00000011 
1 54 01010100 98 10011000 20 00100000 A0 10100000 00 00000000 
1 5F 01011111 14 00010100 28 00101000 CB 11001011 8C 10001100 
1 58 01011000 91 10010001 20 00100000 D9 11011001 01 00000001 
1 58 01011000 91 10010001 20 00100000 D9 11011001 03 00000011 
1 58 01011000 91 10010001 20 00100000 D9 11011001 05 00000101 
1 54 01010100 98 10011000 20 00100000 A0 10100000 00 00000000 
1 58 01011000 91 10010001 20 00100000 D9 11011001 05 00000101 
1 5F 01011111 14 00010100 28 00101000 CB 11001011 8C 10001100 
1 58 01011000 91 10010001 20 00100000 D9 11011001 09 00001001 
1 58 01011000 91 10010001 20 00100000 D9 11011001 05 00000101 
1 54 01010100 98 10011000 20 00100000 A0 10100000 00 00000000 
1 58 01011000 91 10010001 20 00100000 D9 11011001 01 00000001 
1 58 01011000 91 10010001 20 00100000 D9 11011001 0D 00001101 
1 5F 01011111 14 00010100 28 00101000 CB 11001011 8C 10001100 
1 58 01011000 91 10010001 20 00100000 D9 11011001 05 00000101 
1 58 01011000 91 10010001 20 00100000 D9 11011001 0B 00001011 
1 54 01010100 98 10011000 20 00100000 A0 10100000 00 00000000 
1 58 01011000 91 10010001 20 00100000 D9 11011001 05 00000101 
1 5F 01011111 14 00010100 28 00101000 CB 11001011 8C 10001100 
1 58 01011000 91 10010001 20 00100000 D9 11011001 05 00000101 
1 58 01011000 91 10010001 20 00100000 D9 11011001 03 00000011 
1 54 01010100 98 10011000 20 00100000 A0 10100000 00 00000000 
1 58 01011000 91 10010001 20 00100000 D9 11011001 09 00001001 
1 58 01011000 91 10010001 20 00100000 D9 11011001 0D 00001101 
1 5F 01011111 14 00010100 28 00101000 CB 11001011 8C 10001100 
1 58 01011000 91 10010001 20 00100000 D9 11011001 03 00000011 
1 54 01010100 98 10011000 20 00100000 A0 10100000 00 00000000 
1 58 01011000 91 10010001 20 00100000 D9 11011001 0B 00001011 
1 58 01011000 91 10010001 20 00100000 D9 11011001 09 00001001 
1 58 01011000 91 10010001 20 00100000 D9 11011001 03 00000011 
1 5F 01011111 14 00010100 28 00101000 CB 11001011 82 10000010 
1 58 01011000 91 10010001 20 00100000 D9 11011001 0B 00001011 
1 54 01010100 98 10011000 20 00100000 A0 10100000 00 00000000 
1 58 01011000 91 10010001 20 00100000 D9 11011001 01 00000001
sDelay =330   32 Hits
1 58 01011000 91 10010001 20 00100000 D9 11011001 09 00001001 
1 58 01011000 91 10010001 20 00100000 D9 11011001 03 00000011 
1 5F 01011111 14 00010100 28 00101000 CB 11001011 82 10000010 
1 54 01010100 98 10011000 20 00100000 A0 10100000 00 00000000 
1 58 01011000 91 10010001 20 00100000 D9 11011001 03 00000011 
1 58 01011000 91 10010001 20 00100000 D9 11011001 03 00000011 
1 58 01011000 91 10010001 20 00100000 D9 11011001 03 00000011 
1 54 01010100 98 10011000 20 00100000 A0 10100000 00 00000000 
1 58 01011000 91 10010001 20 00100000 D9 11011001 03 00000011 
1 58 01011000 91 10010001 20 00100000 D9 11011001 0D 00001101 
1 58 01011000 91 10010001 20 00100000 D9 11011001 05 00000101 
1 58 01011000 91 10010001 20 00100000 D9 11011001 09 00001001 
1 54 01010100 98 10011000 20 00100000 A0 10100000 00 00000000 
1 5F 01011111 14 00010100 28 00101000 CB 11001011 82 10000010 
1 58 01011000 91 10010001 20 00100000 D9 11011001 0D 00001101 
1 58 01011000 91 10010001 20 00100000 D9 11011001 03 00000011 
1 58 01011000 91 10010001 20 00100000 D9 11011001 03 00000011 
1 54 01010100 98 10011000 20 00100000 A0 10100000 00 00000000 
1 58 01011000 91 10010001 20 00100000 D9 11011001 09 00001001 
1 5F 01011111 14 00010100 28 00101000 CB 11001011 8A 10001010 
1 58 01011000 91 10010001 20 00100000 D9 11011001 05 00000101 
1 58 01011000 91 10010001 20 00100000 D9 11011001 0B 00001011 
1 58 01011000 91 10010001 20 00100000 D9 11011001 01 00000001 
1 54 01010100 98 10011000 20 00100000 A0 10100000 00 00000000 
1 58 01011000 91 10010001 20 00100000 D9 11011001 05 00000101 
1 5F 01011111 14 00010100 28 00101000 CB 11001011 82 10000010 
1 58 01011000 91 10010001 20 00100000 D9 11011001 0B 00001011 
1 58 01011000 91 10010001 20 00100000 D9 11011001 03 00000011 
1 54 01010100 98 10011000 20 00100000 A0 10100000 00 00000000 
1 58 01011000 91 10010001 20 00100000 D9 11011001 03 00000011 
1 58 01011000 91 10010001 20 00100000 D9 11011001 0B 00001011 
1 5F 01011111 14 00010100 28 00101000 CB 11001011 82 10000010 
sDelay =340   33 Hits
1 58 01011000 91 10010001 20 00100000 D9 11011001 0B 00001011 
1 54 01010100 98 10011000 20 00100000 A0 10100000 00 00000000 
1 58 01011000 91 10010001 20 00100000 D9 11011001 03 00000011 
1 58 01011000 91 10010001 20 00100000 D9 11011001 07 00000111 
1 5F 01011111 14 00010100 28 00101000 CB 11001011 8A 10001010 
1 58 01011000 91 10010001 20 00100000 D9 11011001 0D 00001101 
1 58 01011000 91 10010001 20 00100000 D9 11011001 03 00000011 
1 54 01010100 98 10011000 20 00100000 A0 10100000 00 00000000 
1 58 01011000 91 10010001 20 00100000 D9 11011001 09 00001001 
1 58 01011000 91 10010001 20 00100000 D9 11011001 01 00000001 
1 5F 01011111 14 00010100 28 00101000 CB 11001011 8A 10001010 
1 58 01011000 91 10010001 20 00100000 D9 11011001 09 00001001 
1 54 01010100 98 10011000 20 00100000 A0 10100000 00 00000000 
1 58 01011000 91 10010001 20 00100000 D9 11011001 01 00000001 
1 58 01011000 91 10010001 20 00100000 D9 11011001 05 00000101 
1 58 01011000 91 10010001 20 00100000 D9 11011001 0D 00001101 
1 5F 01011111 14 00010100 28 00101000 CB 11001011 8A 10001010 
1 54 01010100 98 10011000 20 00100000 A0 10100000 00 00000000 
1 58 01011000 91 10010001 20 00100000 D9 11011001 05 00000101 
1 58 01011000 91 10010001 20 00100000 D9 11011001 05 00000101 
1 58 01011000 91 10010001 20 00100000 D9 11011001 0D 00001101 
1 58 01011000 91 10010001 20 00100000 D9 11011001 09 00001001 
1 54 01010100 98 10011000 20 00100000 A0 10100000 00 00000000 
1 5F 01011111 14 00010100 28 00101000 CB 11001011 8A 10001010 
1 58 01011000 91 10010001 20 00100000 D9 11011001 09 00001001 
1 58 01011000 91 10010001 20 00100000 D9 11011001 09 00001001 
1 58 01011000 91 10010001 20 00100000 D9 11011001 05 00000101 
1 54 01010100 98 10011000 20 00100000 A0 10100000 00 00000000 
1 58 01011000 91 10010001 20 00100000 D9 11011001 09 00001001 
1 5F 01011111 14 00010100 28 00101000 CB 11001011 8A 10001010 
1 58 01011000 91 10010001 20 00100000 D9 11011001 09 00001001 
1 58 01011000 91 10010001 20 00100000 D9 11011001 03 00000011 
1 54 01010100 98 10011000 20 00100000 A0 10100000 00 00000000
sDelay =350   33 Hits
1 58 01011000 91 10010001 20 00100000 D9 11011001 05 00000101 
1 5F 01011111 14 00010100 28 00101000 CB 11001011 8A 10001010 
1 58 01011000 91 10010001 20 00100000 D9 11011001 09 00001001 
1 58 01011000 91 10010001 20 00100000 D9 11011001 05 00000101 
1 58 01011000 91 10010001 20 00100000 D9 11011001 05 00000101 
1 54 01010100 98 10011000 20 00100000 A0 10100000 00 00000000 
1 58 01011000 91 10010001 20 00100000 D9 11011001 05 00000101 
1 5F 01011111 14 00010100 28 00101000 CB 11001011 8A 10001010 
1 58 01011000 91 10010001 20 00100000 D9 11011001 03 00000011 
1 58 01011000 91 10010001 20 00100000 D9 11011001 06 00000110 
1 54 01010100 98 10011000 20 00100000 A0 10100000 00 00000000 
1 58 01011000 91 10010001 20 00100000 D9 11011001 05 00000101 
1 58 01011000 91 10010001 20 00100000 D9 11011001 09 00001001 
1 5F 01011111 14 00010100 28 00101000 CB 11001011 8A 10001010 
1 58 01011000 91 10010001 20 00100000 D9 11011001 05 00000101 
1 54 01010100 98 10011000 20 00100000 A0 10100000 00 00000000 
1 58 01011000 91 10010001 20 00100000 D9 11011001 05 00000101 
1 58 01011000 91 10010001 20 00100000 D9 11011001 09 00001001 
1 58 01011000 91 10010001 20 00100000 D9 11011001 0D 00001101 
1 5F 01011111 14 00010100 28 00101000 CB 11001011 8A 10001010 
1 58 01011000 91 10010001 20 00100000 D9 11011001 0D 00001101 
1 54 01010100 98 10011000 20 00100000 A0 10100000 00 00000000 
1 58 01011000 91 10010001 20 00100000 D9 11011001 0D 00001101 
1 58 01011000 91 10010001 20 00100000 D9 11011001 03 00000011 
1 58 01011000 91 10010001 20 00100000 D9 11011001 01 00000001 
1 5F 01011111 14 00010100 28 00101000 CB 11001011 8A 10001010 
1 54 01010100 98 10011000 20 00100000 A0 10100000 00 00000000 
1 58 01011000 91 10010001 20 00100000 D9 11011001 01 00000001 
1 58 01011000 91 10010001 20 00100000 D9 11011001 09 00001001 
1 58 01011000 91 10010001 20 00100000 D9 11011001 09 00001001 
1 5F 01011111 14 00010100 28 00101000 CB 11001011 8A 10001010 
1 58 01011000 91 10010001 20 00100000 D9 11011001 09 00001001 
1 54 01010100 98 10011000 20 00100000 A0 10100000 00 00000000 
1 58 01011000 91 10010001 20 00100000 D9 11011001 0D 00001101
sDelay =360   34 Hits
1 58 01011000 91 10010001 20 00100000 D9 11011001 05 00000101 
1 58 01011000 91 10010001 20 00100000 D9 11011001 0D 00001101 
1 54 01010100 98 10011000 20 00100000 A0 10100000 00 00000000 
1 5F 01011111 14 00010100 28 00101000 CB 11001011 8A 10001010 
1 58 01011000 91 10010001 20 00100000 D9 11011001 09 00001001 
1 58 01011000 91 10010001 20 00100000 D9 11011001 09 00001001 
1 58 01011000 91 10010001 20 00100000 D9 11011001 09 00001001 
1 54 01010100 98 10011000 20 00100000 A0 10100000 00 00000000 
1 58 01011000 91 10010001 20 00100000 D9 11011001 0D 00001101 
1 5F 01011111 14 00010100 28 00101000 CB 11001011 8A 10001010 
1 58 01011000 91 10010001 20 00100000 D9 11011001 01 00000001 
1 58 01011000 91 10010001 20 00100000 D9 11011001 0D 00001101 
1 58 01011000 91 10010001 20 00100000 D9 11011001 05 00000101 
1 54 01010100 98 10011000 20 00100000 A0 10100000 00 00000000 
1 58 01011000 91 10010001 20 00100000 D9 11011001 09 00001001 
1 5F 01011111 14 00010100 28 00101000 CB 11001011 86 10000110 
1 58 01011000 91 10010001 20 00100000 D9 11011001 0D 00001101 
1 58 01011000 91 10010001 20 00100000 D9 11011001 05 00000101 
1 54 01010100 98 10011000 20 00100000 A0 10100000 00 00000000 
1 58 01011000 91 10010001 20 00100000 D9 11011001 0D 00001101 
1 5F 01011111 14 00010100 28 00101000 CB 11001011 86 10000110 
1 58 01011000 91 10010001 20 00100000 D9 11011001 03 00000011 
1 58 01011000 91 10010001 20 00100000 D9 11011001 0D 00001101 
1 54 01010100 98 10011000 20 00100000 A0 10100000 00 00000000 
1 58 01011000 91 10010001 20 00100000 D9 11011001 03 00000011 
1 58 01011000 91 10010001 20 00100000 D9 11011001 03 00000011 
1 5F 01011111 14 00010100 28 00101000 CB 11001011 86 10000110 
1 58 01011000 91 10010001 20 00100000 D9 11011001 09 00001001 
1 58 01011000 91 10010001 20 00100000 D9 11011001 09 00001001 
1 54 01010100 98 10011000 20 00100000 A0 10100000 00 00000000 
1 58 01011000 91 10010001 20 00100000 D9 11011001 09 00001001 
1 58 01011000 91 10010001 20 00100000 D9 11011001 01 00000001 
1 5F 01011111 14 00010100 28 00101000 CB 11001011 86 10000110 
sDelay =370   34 Hits
1 58 01011000 91 10010001 20 00100000 D9 11011001 03 00000011 
1 54 01010100 98 10011000 20 00100000 A0 10100000 00 00000000 
1 58 01011000 91 10010001 20 00100000 D9 11011001 0D 00001101 
1 58 01011000 91 10010001 20 00100000 D9 11011001 09 00001001 
1 58 01011000 91 10010001 20 00100000 D9 11011001 05 00000101 
1 5F 01011111 14 00010100 28 00101000 CB 11001011 86 10000110 
1 54 01010100 98 10011000 20 00100000 A0 10100000 00 00000000 
1 58 01011000 91 10010001 20 00100000 D9 11011001 05 00000101 
1 58 01011000 91 10010001 20 00100000 D9 11011001 05 00000101 
1 58 01011000 91 10010001 20 00100000 D9 11011001 05 00000101 
1 58 01011000 91 10010001 20 00100000 D9 11011001 03 00000011 
1 5F 01011111 14 00010100 28 00101000 CB 11001011 86 10000110 
1 54 01010100 98 10011000 20 00100000 A0 10100000 00 00000000 
1 58 01011000 91 10010001 20 00100000 D9 11011001 05 00000101 
1 58 01011000 91 10010001 20 00100000 D9 11011001 09 00001001 
1 58 01011000 91 10010001 20 00100000 D9 11011001 09 00001001 
1 54 01010100 98 10011000 20 00100000 A0 10100000 00 00000000 
1 5F 01011111 14 00010100 28 00101000 CB 11001011 86 10000110 
1 58 01011000 91 10010001 20 00100000 D9 11011001 09 00001001 
1 58 01011000 91 10010001 20 00100000 D9 11011001 01 00000001 
1 58 01011000 91 10010001 20 00100000 D9 11011001 09 00001001 
1 54 01010100 98 10011000 20 00100000 A0 10100000 00 00000000 
1 58 01011000 91 10010001 20 00100000 D9 11011001 0D 00001101 
1 5F 01011111 14 00010100 28 00101000 CB 11001011 86 10000110 
1 58 01011000 91 10010001 20 00100000 D9 11011001 05 00000101 
1 58 01011000 91 10010001 20 00100000 D9 11011001 05 00000101 
1 58 01011000 91 10010001 20 00100000 D9 11011001 0D 00001101 
1 54 01010100 98 10011000 20 00100000 A0 10100000 00 00000000 
1 58 01011000 91 10010001 20 00100000 D9 11011001 01 00000001 
1 5F 01011111 14 00010100 28 00101000 CB 11001011 86 10000110 
1 58 01011000 91 10010001 20 00100000 D9 11011001 03 00000011 
1 58 01011000 91 10010001 20 00100000 D9 11011001 03 00000011 
1 54 01010100 98 10011000 20 00100000 A0 10100000 00 00000000 
1 58 01011000 91 10010001 20 00100000 D9 11011001 09 00001001 
sDelay =380   32 Hits
1 58 01011000 91 10010001 20 00100000 D9 11011001 09 00001001 
1 5F 01011111 14 00010100 28 00101000 CB 11001011 86 10000110 
1 58 01011000 91 10010001 20 00100000 D9 11011001 0E 00001110 
1 58 01011000 91 10010001 20 00100000 D9 11011001 01 00000001 
1 54 01010100 98 10011000 20 00100000 A0 10100000 00 00000000 
1 58 01011000 91 10010001 20 00100000 D9 11011001 09 00001001 
1 58 01011000 91 10010001 20 00100000 D9 11011001 01 00000001 
1 58 01011000 91 10010001 20 00100000 D9 11011001 0D 00001101 
1 54 01010100 98 10011000 20 00100000 A0 10100000 00 00000000 
1 58 01011000 91 10010001 20 00100000 D9 11011001 05 00000101 
1 58 01011000 91 10010001 20 00100000 D9 11011001 09 00001001 
1 5F 01011111 14 00010100 28 00101000 CB 11001011 8E 10001110 
1 58 01011000 91 10010001 20 00100000 D9 11011001 05 00000101 
1 54 01010100 98 10011000 20 00100000 A0 10100000 00 00000000 
1 58 01011000 91 10010001 20 00100000 D9 11011001 0D 00001101 
1 58 01011000 91 10010001 20 00100000 D9 11011001 01 00000001 
1 58 01011000 91 10010001 20 00100000 D9 11011001 03 00000011 
1 5F 01011111 14 00010100 28 00101000 CB 11001011 81 10000001 
1 58 01011000 91 10010001 20 00100000 D9 11011001 0D 00001101 
1 54 01010100 98 10011000 20 00100000 A0 10100000 00 00000000 
1 58 01011000 91 10010001 20 00100000 D9 11011001 09 00001001 
1 58 01011000 91 10010001 20 00100000 D9 11011001 00 00000000 
1 58 01011000 91 10010001 20 00100000 D9 11011001 09 00001001 
1 5F 01011111 14 00010100 28 00101000 CB 11001011 81 10000001 
1 54 01010100 98 10011000 20 00100000 A0 10100000 00 00000000 
1 58 01011000 91 10010001 20 00100000 D9 11011001 05 00000101 
1 58 01011000 91 10010001 20 00100000 D9 11011001 03 00000011 
1 58 01011000 91 10010001 20 00100000 D9 11011001 09 00001001 
1 54 01010100 98 10011000 20 00100000 A0 10100000 00 00000000 
1 58 01011000 91 10010001 20 00100000 D9 11011001 05 00000101 
1 5F 01011111 14 00010100 28 00101000 CB 11001011 81 10000001 
1 58 01011000 91 10010001 20 00100000 D9 11011001 01 00000001 
sDelay =390   12 Hits   
1 58 01011000 91 10010001 20 00100000 D9 11011001 01 00000001 
1 58 01011000 91 10010001 20 00100000 D9 11011001 05 00000101 
1 58 01011000 91 10010001 20 00100000 D9 11011001 0D 00001101 
1 58 01011000 91 10010001 20 00100000 D9 11011001 05 00000101 
1 58 01011000 91 10010001 20 00100000 D9 11011001 0D 00001101 
1 58 01011000 91 10010001 20 00100000 D9 11011001 05 00000101 
1 58 01011000 91 10010001 20 00100000 D9 11011001 03 00000011 
1 58 01011000 91 10010001 20 00100000 D9 11011001 03 00000011 
1 5F 01011111 14 00010100 28 00101000 CB 11001011 81 10000001 
1 58 01011000 91 10010001 20 00100000 D9 11011001 09 00001001 
1 5F 01011111 14 00010100 28 00101000 CB 11001011 81 10000001 
1 58 01011000 91 10010001 20 00100000 D9 11011001 03 00000011 
sDelay =400   No hits


